1.724 4.229 0
4.165 5.778 1
4.514 4.983 1
1.491 2.834 0
6.039 7.573 2
5.610 9.834 2
5.692 10.472 2
6.140 8.562 2
2.976 5.568 1
8.280 8.548 2
1.625 2.361 0
7.081 12.433 2
1.483 2.003 0
1.534 4.385 0
3.404 5.862 1
3.968 5.112 1
5.474 8.238 2
4.609 3.119 1
2.285 3.262 0
2.122 4.129 0
2.310 0.906 0
3.562 5.186 1
3.379 6.051 1
3.018 4.553 1
5.711 9.110 2
0.693 3.076 0
3.389 2.339 0
7.906 10.467 2
2.602 3.420 0
2.198 3.119 0
6.365 8.106 2
3.553 5.204 1
3.773 4.273 1
0.919 3.725 0
8.529 9.686 2
2.467 4.034 0
2.776 5.558 1
7.300 8.570 2
5.380 11.005 2
3.225 1.946 0
1.302 3.787 1
1.294 4.193 0
7.189 9.047 2
2.651 6.303 1
4.974 9.001 2
3.645 5.099 1
3.462 0.940 0
7.757 8.927 2
8.764 7.613 2
2.372 4.853 0
3.431 3.938 1
5.128 5.050 1
3.760 2.939 0
2.423 3.077 0
1.313 2.155 0
2.674 2.278 0
2.351 2.931 0
2.622 2.400 0
8.631 9.173 2
4.569 5.197 1
3.002 3.860 1
0.727 3.314 0
4.318 4.110 1
8.307 9.317 2
1.843 1.665 0
6.190 9.615 2
6.681 8.811 2
6.898 7.201 2
6.418 9.327 2
5.220 3.866 1
2.759 3.885 0
5.664 9.586 2
6.701 9.285 2
5.575 8.097 2
4.627 5.163 1
7.375 8.978 2
4.966 5.726 1
3.470 4.593 1
7.075 7.213 2
4.528 3.439 1
6.989 8.612 2
1.778 2.799 0
8.639 7.675 2
4.363 4.020 1
0.668 1.239 0
2.013 2.305 0
0.652 4.471 0
5.559 7.370 1
9.109 10.614 2
5.924 4.394 1
4.111 4.980 1
1.551 2.328 0
5.875 8.657 2
2.212 4.814 1
6.809 8.214 2
1.553 4.225 0
4.876 5.123 1
2.585 3.324 0
5.161 6.070 1
2.120 3.617 0
4.852 6.635 1
8.604 8.734 2
0.142 4.236 0
1.923 5.948 1
4.033 3.722 1
7.874 9.933 2
9.172 8.174 2
3.624 2.388 0
4.388 4.645 1
8.177 10.640 2
3.160 2.702 1
7.799 10.332 2
1.329 2.987 0
4.779 3.914 1
0.884 3.081 0
6.499 7.977 2
6.390 7.944 2
7.904 8.436 2
6.970 8.291 2
4.829 8.385 2
2.529 0.763 0
2.351 1.688 0
3.107 4.839 1
2.521 1.856 0
5.175 6.120 1
2.515 0.217 0
1.084 2.593 0
8.688 9.237 2
9.040 10.597 2
3.198 4.705 0
1.149 4.001 0
4.399 4.808 1
1.894 0.209 0
4.184 4.914 1
4.427 4.641 1
6.374 7.681 2
6.037 7.748 2
5.623 6.156 1
3.861 4.271 1
8.401 7.500 2
7.342 8.875 2
3.208 4.116 0
8.309 9.733 2
6.620 8.629 2
6.575 10.452 2
2.078 3.618 0
2.649 3.107 0
3.849 5.915 1
5.897 9.759 2
3.652 5.538 1
2.676 5.216 1
3.309 6.143 1
3.800 4.345 1
3.478 4.631 1
2.452 4.104 0
2.489 2.924 0
6.141 10.030 2
2.910 6.700 1
3.011 4.050 1
2.281 2.927 0
3.386 3.548 0
5.033 4.854 1
5.966 8.661 2
3.991 5.667 1
3.954 4.781 1
3.687 5.101 1
4.276 4.753 1
7.775 7.763 2
5.019 6.231 1
1.222 4.116 0
6.490 9.424 2
0.840 4.350 0
3.011 1.523 0
6.111 9.121 2
7.715 9.439 2
6.438 9.321 2
0.212 3.362 0
3.170 3.980 1
3.496 5.018 1
1.762 4.155 0
1.890 3.009 0
7.477 8.760 2
2.447 5.578 1
7.127 8.929 2
3.522 5.026 1
3.123 3.305 0
1.544 2.020 0
7.721 7.455 2
2.811 4.044 0
7.364 8.134 2
2.142 3.514 0
4.288 6.498 1
0.048 1.598 0
3.605 3.828 1
4.394 4.772 1
2.853 3.035 0
8.084 8.890 2
4.066 1.529 0
8.148 8.485 2
1.813 2.898 0
5.872 5.768 1
6.158 5.847 2
6.628 9.084 2
6.733 9.709 2
3.643 4.479 1
5.291 5.080 1
4.312 4.807 1
1.884 2.825 0
6.235 5.047 1
3.461 5.644 1
7.291 10.075 2
6.427 8.883 2
2.793 2.376 0
5.863 8.197 2
2.869 3.750 0
6.390 5.245 1
2.819 4.540 1
6.427 7.350 2
2.902 5.759 1
2.809 4.790 0
4.410 5.860 1
0.887 2.933 0
1.170 2.119 0
7.048 9.233 2
1.975 2.225 0
3.509 5.134 1
6.679 9.033 2
2.461 1.824 0
2.017 3.177 0
5.448 10.423 2
8.008 8.960 2
0.899 4.145 0
2.042 3.583 0
2.024 4.411 1
3.087 4.376 1
4.984 4.440 1
1.253 4.692 0
3.867 6.987 1
4.755 5.701 1
1.669 3.387 0
2.503 4.293 0
6.658 8.428 2
6.195 8.353 2
0.421 2.171 0
2.839 3.931 0
6.594 8.312 2
3.169 4.436 1
1.813 2.943 0
3.865 6.049 1
7.928 9.083 2
4.276 3.237 1
4.569 6.929 1
4.411 5.191 1
4.801 9.930 2
4.964 8.339 2
7.750 8.917 2
4.321 4.275 1
4.209 6.555 1
8.492 9.030 2
3.829 5.187 1
5.496 5.675 1
4.482 3.121 1
2.619 2.557 0
7.079 7.807 2
0.961 3.733 0
8.570 8.632 2
4.186 5.858 1
4.186 1.604 0
1.300 2.797 0
6.068 7.932 2
7.335 10.702 2
6.120 11.153 2
2.056 3.826 1
4.266 4.740 1
1.502 2.689 0
1.576 2.268 0
7.507 8.883 2
8.301 8.688 2
2.623 2.565 0
8.812 8.483 2
3.745 4.859 1
4.494 3.506 1
8.273 8.001 2
2.618 2.816 0
0.244 3.715 0
6.213 9.247 2
6.857 9.266 2
2.661 4.792 0
4.450 5.627 1
5.388 5.226 1
7.497 9.076 2
1.880 1.767 0
5.069 4.790 1
5.804 4.547 1
2.686 4.758 1
4.491 3.605 1
4.996 4.372 1
1.717 2.734 0
8.257 9.739 2
1.191 3.557 0
4.104 5.528 1
2.511 4.711 0
7.957 8.918 2
0.627 3.315 0
2.243 3.202 0
7.894 9.949 2
3.683 5.641 1
6.243 8.637 2
1.808 2.112 0
7.954 8.237 2
7.652 8.769 2
1.048 2.482 0
4.241 4.001 1
1.732 3.530 0
1.656 3.044 0
8.636 9.427 2
7.379 8.460 2
3.099 2.098 0
5.177 4.359 1
3.310 1.845 0
4.356 5.850 1
8.315 8.982 2
6.192 10.233 2
6.373 9.772 2
2.591 6.131 1
7.308 10.115 2
7.216 8.177 2
6.614 7.256 2
1.877 2.064 0
8.848 9.922 2
4.678 3.893 1
1.748 3.383 0
2.617 5.717 1
4.051 3.586 0
7.521 9.058 2
6.379 8.684 2
4.036 7.030 1
6.542 7.447 2
4.448 6.125 1
4.816 4.718 1
7.989 10.041 2
1.801 4.866 0
4.668 4.970 1
2.536 4.846 1
8.445 6.379 2
8.189 6.682 2
1.915 2.703 0
6.399 8.351 2
2.225 4.688 1
6.562 8.979 2
6.930 8.393 2
3.746 2.225 0
9.135 8.973 2
6.153 9.785 2
3.408 2.695 1
3.988 4.289 1
7.321 4.400 1
6.238 8.040 2
5.539 3.851 1
8.093 8.254 2
7.388 10.469 2
3.135 5.609 1
2.853 2.860 0
7.339 9.293 2
1.525 3.478 0
2.022 2.531 0
1.003 2.893 0
4.497 5.237 1
3.785 6.021 1
7.716 10.631 2
1.674 1.657 0
3.809 5.233 1
6.651 9.239 2
3.289 6.131 1
5.196 9.270 2
0.892 2.982 0
4.333 2.967 1
5.885 7.698 2
2.366 1.955 0
4.100 5.321 1
1.454 2.801 0
3.306 2.395 0
1.045 3.586 0
5.542 9.951 2
7.139 7.796 2
4.615 4.651 1
4.681 6.763 1
3.143 4.066 1
4.935 6.813 1
5.291 4.884 1
6.775 8.703 2
7.965 11.424 2
4.679 6.428 1
7.034 9.008 2
2.963 4.075 1
7.182 9.152 2
3.010 3.920 0
8.537 10.576 2
6.580 7.774 2
1.233 3.675 0
7.472 10.320 2
6.840 9.722 2
6.377 8.480 2
3.244 6.851 1
2.232 3.683 0
0.434 4.014 0
4.839 9.407 2
4.175 4.947 1
6.899 8.668 2
2.128 4.760 0
6.569 9.944 2
3.617 3.503 0
2.443 4.388 1
6.565 4.536 1
7.085 9.213 2
1.694 3.828 0
2.637 4.409 0
5.102 3.770 1
0.281 3.057 0
6.981 9.269 2
4.307 5.068 1
6.590 8.546 2
2.095 3.921 0
4.603 5.314 1
7.088 8.258 2
7.225 9.536 2
3.598 3.523 1
3.814 4.645 1
7.418 9.729 2
3.759 4.144 1
0.801 3.863 0
8.701 9.148 2
0.883 3.234 0
4.967 8.552 2
0.763 3.876 0
5.850 9.426 2
7.924 6.546 2
4.262 4.413 1
5.840 10.523 2
4.814 5.780 1
2.191 5.100 0
1.407 3.510 0
4.858 3.641 1
6.729 10.863 2
-0.037 1.057 0
5.352 7.637 2
4.481 5.109 1
8.008 5.984 2
2.659 1.373 0
3.699 5.807 1
1.819 5.602 1
5.394 4.411 1
6.252 8.413 2
6.748 7.674 2
4.138 2.214 0
3.039 3.542 1
6.411 9.440 2
3.559 3.109 0
6.414 10.488 2
5.099 6.153 1
4.423 4.866 1
3.569 4.402 1
3.878 4.319 1
6.752 10.403 2
3.209 6.224 1
2.337 4.008 0
3.603 5.886 1
1.656 2.000 0
2.799 4.701 1
1.540 3.644 0
1.961 1.384 0
6.637 7.568 2
2.871 2.492 0
6.673 11.827 2
1.336 4.574 1
3.879 4.739 1
1.711 2.608 0
1.822 1.490 0
1.472 1.927 0
0.349 2.109 0
6.784 9.834 2
3.801 5.302 1
2.841 2.897 0
6.823 6.737 2
3.225 6.898 1
2.283 2.174 0
1.771 4.613 0
1.274 2.132 0
4.525 4.523 1
5.632 5.861 1
3.997 4.939 1
4.607 4.263 1
1.399 3.556 0
4.612 5.745 1
5.787 9.775 2
1.380 3.698 0
1.218 2.562 0
2.721 3.660 1
5.008 5.392 1
0.461 2.552 0
4.436 4.313 1
6.097 9.582 2
3.167 2.960 0
7.065 9.557 2
2.621 3.956 0
0.780 5.449 0
6.222 9.784 2
3.817 4.779 1
5.639 8.653 2
1.599 3.824 0
3.800 5.007 1
7.189 10.224 2
4.505 4.733 1
9.168 9.748 2
3.908 4.762 1
3.905 4.111 0
7.513 9.865 2
3.983 5.731 1
6.364 9.251 2
2.967 3.713 0
4.191 1.104 0
8.830 7.575 2
4.309 7.917 1
3.620 3.985 1
4.926 4.543 1
5.930 8.886 2
2.451 1.316 0
4.460 8.110 2
2.785 2.335 0
8.522 9.202 2
1.577 3.086 0
7.209 7.236 2
5.632 4.598 1
3.147 2.950 0
4.639 4.534 1
2.795 2.626 0
1.588 4.279 0
-0.793 4.938 0
4.200 5.933 1
6.555 7.784 2
7.963 7.037 2
6.048 7.864 2
4.426 5.049 1
2.777 2.881 0
7.300 8.437 2
7.801 9.396 2
2.012 5.861 1
2.456 3.453 1
3.770 4.509 1
3.621 6.798 1
3.121 3.409 0
5.957 9.519 2
3.571 4.525 1
2.780 2.371 0
6.888 9.804 2
5.382 10.862 2
6.204 8.290 2
7.645 10.282 2
4.132 4.437 1
3.366 4.475 1
6.924 8.673 2
6.547 8.259 2
2.451 2.305 0
3.069 3.040 0
7.767 7.519 2
4.547 4.523 1
7.649 8.414 2
6.301 6.671 2
7.578 9.280 2
5.678 9.603 2
8.159 7.844 2
3.575 4.207 0
3.073 4.818 1
1.817 4.101 0
7.634 7.308 2
2.932 4.923 1
4.021 5.429 1
2.061 3.211 0
1.895 3.630 0
1.890 2.383 0
2.816 2.388 0
4.849 9.136 2
6.776 7.929 2
1.791 3.587 0
0.905 3.169 0
6.224 7.994 2
5.218 3.059 1
1.805 3.805 0
2.684 2.647 0
3.120 4.981 1
4.383 7.185 2
5.623 8.583 2
4.659 5.999 1
3.383 4.987 1
1.961 2.771 0
7.218 8.682 2
6.962 8.517 2
8.426 10.458 2
5.006 5.354 1
7.873 9.310 2
2.865 0.698 0
7.300 7.143 2
0.057 3.352 0
4.517 4.743 1
3.331 2.713 0
8.649 10.459 2
2.798 2.898 0
4.508 4.676 1
3.540 6.705 1
2.901 2.316 0
2.693 2.242 0
2.105 5.090 1
4.095 5.081 1
3.022 5.172 1
1.558 3.324 0
2.372 2.852 0
7.011 9.544 2
4.161 4.880 1
4.573 5.458 1
2.156 2.810 0
3.739 5.863 1
7.294 8.639 2
7.011 10.431 2
1.778 4.470 0
3.040 2.082 0
0.127 3.921 0
7.840 8.344 2
1.734 3.033 0
2.985 4.071 0
3.732 4.868 1
7.145 11.018 2
1.625 2.250 0
5.737 7.676 2
8.633 9.259 2
4.329 4.707 1
3.642 5.523 1
1.585 3.452 0
6.997 10.335 2
4.055 3.053 0
2.450 4.765 0
-0.414 1.222 0
1.721 4.623 0
7.054 8.540 2
6.367 8.790 2
3.049 4.296 1
0.363 6.959 0
6.843 10.097 2
5.594 4.105 1
3.408 3.129 0
1.329 3.378 0
7.647 10.387 2
3.847 2.567 1
3.184 4.270 1
5.380 4.843 1
4.108 5.029 1
2.802 3.047 0
5.566 9.627 2
8.009 9.112 2
3.161 2.972 0
1.952 5.484 1
1.485 5.815 1
4.460 4.794 1
1.404 2.691 0
4.830 5.828 1
2.563 3.241 0
1.856 4.630 1
5.004 5.873 1
5.426 9.101 2
2.316 0.978 0
1.246 4.253 0
3.194 5.049 1
7.274 8.830 2
4.291 4.562 1
3.637 3.515 1
4.149 5.582 1
3.982 4.400 1
1.741 3.189 0
8.897 7.619 2
4.150 5.464 1
3.835 3.564 0
2.888 3.813 1
0.946 5.480 1
7.473 10.054 2
4.543 3.042 1
1.438 4.955 0
9.054 8.408 2
6.709 9.608 2
2.044 2.774 0
2.170 1.836 0
1.828 2.122 0
7.136 10.073 2
1.678 2.616 0
2.230 3.762 0
4.606 7.294 1
2.035 4.454 0
2.705 5.074 1
4.889 6.825 1
2.017 1.878 0
1.615 4.458 0
5.831 7.101 2
3.891 5.938 1
4.398 4.004 1
-0.142 2.170 0
5.930 9.614 2
4.562 6.515 1
7.186 8.812 2
1.581 2.521 0
3.660 3.742 0
2.951 5.317 1
5.562 4.129 1
7.355 8.204 2
4.140 3.581 1
3.786 6.146 1
6.978 7.600 2
5.689 8.499 2
3.714 4.129 1
6.357 9.835 2
2.743 1.490 0
1.139 3.675 0
3.451 2.382 0
0.601 3.082 0
2.513 2.702 0
6.448 8.683 2
4.096 5.152 1
1.965 5.111 0
2.886 3.190 0
6.254 9.048 2
2.846 2.140 0
8.165 9.197 2
5.155 5.346 1
4.501 4.521 1
8.011 9.207 2
7.858 9.138 2
4.354 4.813 1
8.649 9.433 2
1.914 5.362 1
3.045 3.609 0
0.101 1.883 0
5.937 8.745 2
4.664 3.689 1
3.164 5.108 1
2.741 2.046 0
0.326 3.825 0
2.902 3.502 0
7.934 7.236 2
5.496 6.671 1
5.897 7.910 2
8.157 9.541 2
7.005 9.554 2
1.130 3.369 0
2.134 4.202 0
5.541 9.953 2
1.692 5.327 1
6.575 10.658 2
8.493 8.071 2
5.819 9.738 2
3.424 3.904 0
3.628 3.338 0
3.797 5.146 1
9.114 9.325 2
3.132 4.520 0
2.430 2.393 0
2.367 4.233 0
6.551 10.085 2
2.051 2.363 0
3.964 4.168 1
5.920 3.608 1
4.964 5.441 1
3.232 4.635 1
3.963 5.112 1
3.461 3.592 0
6.444 6.399 2
4.931 5.950 1
8.912 8.870 2
2.662 3.986 0
8.331 8.990 2
4.386 5.718 1
4.318 4.981 1
3.443 2.460 0
2.160 3.876 0
8.320 9.914 2
5.599 10.550 2
4.174 5.178 1
1.436 3.090 0
4.531 5.004 1
5.294 4.561 1
3.052 4.577 1
7.930 9.406 2
4.208 4.272 1
5.079 4.313 1
1.690 0.565 0
7.453 10.554 2
2.986 3.214 0
3.077 4.870 1
0.539 2.484 0
2.403 3.594 0
7.505 9.515 2
7.081 9.917 2
1.931 2.892 0
6.537 9.297 2
7.590 10.077 2
2.730 5.283 1
3.160 3.369 0
4.289 5.058 1
5.001 9.213 2
1.655 2.769 0
5.323 5.194 1
4.209 11.006 2
3.685 3.655 1
4.718 4.254 1
7.433 8.770 2
-0.227 1.301 0
8.373 8.473 2
5.380 5.602 1
4.310 6.051 1
4.648 3.648 1
5.910 9.539 2
2.576 6.294 1
2.731 6.759 1
4.751 5.140 1
5.742 8.366 2
2.655 2.949 0
2.181 4.107 0
6.302 8.422 2
-0.506 0.886 0
7.438 8.579 2
6.864 7.631 2
2.106 1.474 0
5.888 9.731 2
3.964 6.901 1
1.864 2.203 0
7.489 7.883 2
4.580 4.027 1
2.680 2.680 0
2.489 4.129 1
6.583 9.132 2
4.319 5.265 1
2.529 3.138 0
3.941 6.449 1
2.853 2.587 0
3.745 2.239 0
1.066 2.467 0
7.764 10.687 2
4.502 9.384 2
6.230 4.451 1
4.726 4.676 1
2.438 4.122 0
4.528 2.751 0
7.147 9.252 2
5.657 6.418 1
9.160 10.999 2
6.304 10.937 2
2.804 7.506 1
5.537 5.000 1
9.039 8.604 2
2.752 6.462 1
1.123 2.132 0
2.187 3.410 0
8.349 7.725 2
6.036 9.373 2
4.590 4.321 1
6.834 10.169 2
0.556 2.496 0
7.806 8.780 2
1.746 4.400 0
6.868 11.172 2
3.621 2.194 0
4.014 3.520 1
3.773 3.435 1
5.457 5.317 1
7.304 8.199 2
1.468 4.118 0
7.113 8.675 2
5.040 5.573 1
3.694 3.197 0
7.383 9.941 2
6.172 9.964 2
7.667 7.464 2
6.156 7.827 2
4.050 5.650 1
7.211 11.048 2
6.553 9.189 2
8.407 8.914 2
6.628 9.916 2
2.954 5.355 1
3.114 2.413 0
3.674 4.969 1
2.300 2.648 0
3.172 4.889 1
3.298 4.593 1
4.673 7.429 1
0.881 4.956 0
7.558 8.557 2
9.216 9.826 2
2.249 2.703 0
6.812 8.851 2
5.109 4.297 1
9.384 8.926 2
5.319 7.188 2
1.832 2.826 0
1.308 2.603 0
1.764 3.728 0
2.417 3.785 0
3.039 5.187 0
4.599 3.530 1
3.101 5.320 1
4.445 5.098 1
4.420 4.909 1
2.393 1.176 0
6.814 9.549 2
1.819 2.396 0
1.299 2.463 0
7.989 8.757 2
0.818 2.334 0
4.147 5.572 1
2.276 2.267 0
0.857 2.651 0
2.969 4.728 1
3.338 5.259 1
1.375 2.406 0
6.627 7.668 2
6.527 7.593 2
1.353 3.901 0
0.903 3.839 0
5.081 6.724 1
3.964 6.037 1
4.318 4.573 1
1.718 5.056 0
5.031 3.825 0
4.559 3.495 1
9.150 9.942 2
5.153 4.776 1
0.978 3.795 0
5.463 9.504 2
6.034 9.319 2
2.693 2.521 0
1.443 3.939 0
4.587 6.175 1
4.394 5.726 1
7.561 8.078 2
3.354 3.551 1
7.683 9.609 2
5.313 5.023 1
5.567 4.762 1
5.963 9.545 2
2.495 2.825 0
4.954 5.096 1
6.340 8.183 2
2.251 6.326 1
5.060 3.289 1
2.492 2.319 0
3.641 5.505 1
8.717 8.196 2
4.435 5.910 1
1.178 3.722 0
2.319 2.751 0
5.505 4.422 1
1.723 4.930 1
3.134 1.900 0
4.355 4.788 1
7.896 7.893 2
6.584 9.632 2
0.055 2.085 0
8.836 9.187 2
6.699 9.251 2
3.199 3.185 0
4.072 6.010 1
9.712 7.902 2
2.515 1.885 0
7.165 9.976 2
1.820 3.502 0
3.033 6.218 1
7.332 7.958 2
1.521 3.350 0
7.186 9.637 2
2.017 2.571 0
6.552 9.693 2
1.671 4.347 0
0.573 4.768 0
8.138 9.295 2
6.275 10.984 2
2.836 4.543 0
1.864 2.881 0
4.279 6.641 1
1.857 4.033 0
4.050 5.219 1
3.811 1.694 0
0.559 4.232 0
2.142 0.484 0
1.200 2.708 0
2.441 2.900 0
5.835 8.575 2
1.998 1.603 0
5.927 9.290 2
8.157 8.827 2
0.770 3.551 0
6.582 8.103 2
0.927 3.495 0
2.286 3.885 0
3.274 4.967 0
